-0.000618 0.000826 -0.001323 0.001090 0.000427 0.000067 
-0.000624 0.000862 -0.001352 0.001080 0.000456 0.000149 
-0.000624 0.000862 -0.001352 0.001080 0.000456 0.000149 
-2.583418 11.423959 -6.654682 0.002961 0.000248 -0.000054 
-2.583418 11.423959 -6.654682 0.002961 0.000248 -0.000054 
-4.075036 32.497143 -20.540331 0.008710 -0.000170 0.000401 
-4.075036 32.497143 -20.540331 0.008710 -0.000170 0.000401 
-4.075036 32.497143 -20.540331 0.008710 -0.000170 0.000401 
-4.075036 32.497143 -20.540331 0.008710 -0.000170 0.000401 
-2.583418 11.423959 -6.654682 0.002961 0.000248 -0.000054 
-2.583418 11.423959 -6.654682 0.002961 0.000248 -0.000054 
