相机内参：
554.256258000000	0	320.500000000000
0	554.256258000000	240.500000000000
0	0	1

深度图存为uint16的图像，为了确保深度图转化精度，在原有的深度图基础上乘以了10，用opencv读取后请先除以10再使用，此时量纲为mm。深度表示为landmark到成像平面的距离，


每一帧相对第一帧的Twc，共五帧（前三列为旋转向量，后三列为平移向量，量纲为mm）
0	0	0	1.56541446472147e-14	-4.88801019885481e-31	1.42108547152020e-14
-0.00380318049729694	-0.0345592610318187	-0.00310853248116099	-3.67855751337887	0.138727059064540	2.95828131197319
-0.00760636099459335	-0.0691185220636375	-0.00621706496232195	-7.45665825432903	0.300050795947118	5.78713060807803
-0.0114095414918903	-0.103677783095456	-0.00932559744348294	-11.3296991890694	0.483774662524314	8.48310137119803
-0.0152127219891870	-0.138237044127275	-0.0124341299246439	-15.2929616138173	0.689674819565276	11.0429089762408