163
1280
720
36
46
36
24
1
1
1280
720
1515870810
2662
4294967295
32737
33
97
161
193
225
289
353
417
481
545
609
673
737
801
865
929
993
1057
1089
1121
1185
1249
1313
16369
17
49
81
113
145
177
241
305
337
369
401
433
465
497
561
625
689
753
817
881
945
977
1009
1041
1073
1105
1137
1201
1265
1297
1329
1361
1393
1425
1457
32737
33
97
161
225
289
353
417
481
545
609
673
737
769
801
865
929
993
1025
1057
1121
1185
1249
1313
1377
1441
1505
1537
1569
1633
1697
1761
1793
1825
1889
1953
2017
2081
2145
2209
2273
2337
2401
2465
2529
2593
16369
49
81
113
177
209
241
273
305
337
369
401
433
497
561
625
657
689
753
785
817
881
945
1009
1041
1073
1105
1137
1169
1201
1233
1265
1329
1361
1393
1457
267848538
267848538
267848538
267848538
267848538
267848538
267848538
267848538
267848538
267848538
267848538
267848538
267848538
267848538
267848538
267848538
267848538
267848538
266160991
266160991
266160991
266160991
266160991
266160991
266160991
266160991
266160991
266160991
266160991
266160991
266160991
266160991
266160991
266160991
266160991
266160991
268356120
268356120
268356120
268356120
268356120
268356120
268356120
268356120
268356120
268356120
268356120
268356120
268356120
268356120
268356120
268356120
268356120
268356120
266881562
266881562
266881562
266881562
266881562
266881562
266881562
266881562
266881562
266881562
266881562
266881562
266881562
266881562
266881562
266881562
266881562
266881562
17877992
17877992
16321417
14961463
13732592
12634802
11635323
9849376
8276442
7555517
6850980
6179213
5523834
4884841
4245851
2984260
1722678
428335
267520302
266094901
264603972
262981978
262130025
261228922
260278670
259295654
258230721
257116639
254659114
251792011
250186437
248433417
246483798
244337583
241929239
241929239
15714945
15714945
14518847
13437444
12470737
11585956
10766716
9275706
7948550
7325936
6719709
6129868
5556414
4982961
4409510
3262612
2099336
903297
268109951
266799233
265406601
263932055
263145632
262326443
261474488
260573384
259623130
258640110
256461089
253970788
252594573
251087291
249465328
247679533
245713523
245713523
14944760
14944760
13863359
12896653
12028257
11225402
10471704
9111774
7866545
7293086
6719630
6162559
5605490
5064807
4524125
3426381
2312257
1148986
268388407
267110456
265783357
264341575
263587918
262801494
261982305
261130349
260229243
259278988
257214646
254871789
253577487
252184885
250661218
249022869
247204303
247204303
15387066
14322051
13355346
12486951
11684097
10946783
10258625
8997007
7850088
7293015
6752329
6228028
5703728
5179430
4655133
3590158
2508804
1394684
215032
267421687
266127354
264734720
263997445
263243788
262457364
261621789
260769832
259852342
257886295
255674501
254462112
253151425
251726054
250186000
248514881
248514881
14305521
13420743
12634274
11896962
11225189
10602571
10012724
8914958
7899119
7407586
6916055
6440909
5949380
5457851
4966324
3966887
2934685
1869717
739215
267995019
266749833
265439114
264750988
264030094
263292818
262506391
261703581
260868004
259065785
257050582
255952872
254773246
253511703
252151861
250693719
250693719
13617242
12879929
12208157
11601923
11028461
10487769
9979847
9013161
8079250
7636871
7178110
6735734
6276974
5818215
5343073
4392790
3393356
2344771
1247035
100148
267339567
266061611
265389865
264718121
263997225
263276330
262506284
261719855
260032313
258180937
257181524
256100194
254969715
253740934
252430238
252430238
13223909
12601291
12027829
11503521
11011983
10536832
10078066
9209690
8374087
7948095
7522103
7096112
6653738
6211364
5768990
4835091
3852041
2819839
1738486
607980
267863779
266618587
265979608
265307860
264636113
263931599
263210702
262457037
260867790
259131093
258197210
257214178
256165611
255035127
253839110
252561176
13059977
12519284
12027746
11568979
11126596
10716984
10307373
9520921
8734474
8324867
7931644
7505654
7096048
6653675
6211301
5293787
4327120
3294917
2229946
1099438
268371619
267142807
266503825
265864844
265193094
264521345
263816829
263095929
261572212
259933810
259049075
258131573
257164921
256132735
255018632
253838994
13059902
12601134
12158751
11749138
11372295
10995452
10618611
9897699
9144021
8767183
8373961
7980740
7554751
7128761
6702772
5785257
4802206
3786385
2705028
1574519
411240
267617881
266995282
266356298
265700931
265045564
264357429
263652911
262194723
260621851
259786264
258917911
258016790
257050135
256017946
254936607
13190912
12781299
12404454
12043996
11699922
11355849
11011777
10323635
9619111
9242273
8865436
8472214
8062609
7636620
7194246
6276731
5293678
4261473
3180114
2033218
869938
268076576
267453975
266814990
266176005
265520636
264848883
264160746
262735322
261227980
260441543
259605954
258737598
257836475
256869818
255854010
13420235
13076160
12732085
12404396
12093091
11765403
11454100
10815111
10126972
9766518
9389681
8996459
8586854
8160864
7718490
6784590
5801536
4752945
3638817
2491919
1312252
83432
267896286
267257300
266618313
265962943
265307572
264635818
263243158
261784963
261014907
260228467
259392876
258524518
257623394
256656734
13747869
13420178
13125257
12830336
12535416
12240497
11945578
11322973
10651218
10290764
9930310
9537088
9127482
8701492
8259118
7308832
6309394
5228033
4113903
2950620
1754567
509361
268322213
267683226
267044238
266405250
265749878
265078122
263701843
262276413
261539123
260769065
259982624
259147031
258278672
257361161
13829736
13829736
13551199
13289047
13010511
12731976
12453441
11863604
11208232
10847778
10470939
10077717
9668110
9242120
8799745
7833074
6817249
5719503
4588988
3409319
2180496
935288
312684
268109151
267470162
266814789
266159416
265504043
264160530
262751481
262030573
261293281
260523222
259720395
258884802
258016441
14272064
14272064
14026295
13780527
13518375
13256224
12994072
12404234
11765245
11404790
11044335
10651112
10225120
9799129
9340369
8373696
7325102
6227355
5064070
3868015
2622807
1361213
738608
99619
267879701
267240711
266585337
265929963
264586448
263210164
262505639
261784730
261031054
260260993
259441782
258606187
14747161
14747161
14517776
14288391
14042623
13796855
13534703
12961248
12322256
11978184
11601345
11208121
10782128
10339752
9880991
8897933
7849337
6718819
5539149
4326708
3065115
1803520
1164530
509156
268305622
267650247
266994873
266339498
265012365
263668848
262964321
262259795
261522502
260768824
259982379
259163167
15238642
15238642
15025641
14796255
14566870
14337485
14075333
13518259
12879266
12535193
12158352
11765127
11339134
10896756
10437994
9438550
8357184
7226665
6030609
4785399
3523804
2245824
1606833
951459
296084
268092549
267437174
266781799
265454664
264111146
263423003
262718476
262013950
261260271
260506593
259703764
15730124
15730124
15517121
15320503
15091117
14861731
14615961
14075270
13436274
13075816
12715357
12305747
11879753
11437374
10962227
9962780
8881412
7718124
6522066
5276855
3998874
2704509
2049135
1393759
754768
99393
267879474
267224098
265913347
264569828
263898068
263209925
262489014
261768102
261014424
260227977
15975864
15975864
15779245
15566243
15353240
15123853
14878083
14337390
13698393
13354318
12977475
12584248
12158253
11699490
11240726
10224895
9143526
7980236
6767793
5506198
4228217
2933851
2278476
1639485
984110
328734
268108815
267453439
266142688
264815552
264127408
263439265
262734737
262013826
261276531
260506468
16221605
16221605
16024985
15828366
15615363
15385976
15140205
14599510
13976896
13616436
13239593
12846365
12420370
11977990
11502841
10487008
9389255
8225964
7013520
5751924
4473943
3179577
2524202
1868826
1213451
558075
268338155
267682780
266372028
265044892
264373132
263684989
262996845
262275933
261538638
260768574
16713085
16713085
16516465
16319845
16106840
15893836
15648063
15123750
14484749
14140672
13763827
13370598
12944601
12485836
12010686
11011235
9913479
8733803
7521358
6259760
4965394
3671027
3015651
2360276
1704900
1049524
394148
268174228
266863476
265552724
264880964
264192820
263504676
262783764
262062852
261292788
17188182
17188182
17007945
16811323
16598317
16385311
16155921
15615221
14992601
14648523
14271677
13878446
13452448
12993681
12534914
11519077
10421319
9241640
8029194
6767595
5473227
4178860
3523484
2868108
2212732
1557356
901980
262988
267387692
266076940
265405179
264717035
264028891
263324362
262587066
261833385
17663279
17663279
17466656
17270033
17073410
16860403
16614628
16090309
15484070
15123606
14763142
14369910
13943910
13501526
13026375
12010534
10929158
9765862
8537030
7291814
5997445
4703077
4047701
3392325
2753333
2097957
1442581
803588
267928292
266617539
265945779
265274018
264585874
263864961
263144048
262390367
59487572
60437932
60872146
61281782
62035507
62379598
62723687
63043197
63354513
63665827
63960755
64255681
64550606
65124067
65697522
66270972
66565887
66860801
366338
677633
997118
1660661
2365159
3110612
3503816
3913403
4339372
4773531
5232264
5707379
6207069
6731332
7853579
8451562
9090503
10458487
60003879
60839537
61216402
61576879
62240483
62551801
62854925
63141664
63428400
63706943
63977292
64239448
64509795
65042292
65566593
66115466
66385805
66664336
137106
432017
735120
1365899
2021250
2725748
3102572
3479394
3880790
4290378
4716347
5166892
5633818
6117126
7165656
7722686
8312482
9590368
60389078
61126419
61462318
61773639
62371697
62650244
62912404
63174563
63436721
63682493
63936456
64182226
64427995
64919530
65427445
65935358
66197505
66467844
67016711
186376
481288
1079302
1710081
2381817
2734067
3094509
3471333
3856348
4265938
4683718
5117881
5576618
6551431
7083891
7632732
8820519
60667748
61314968
61609902
61896643
62420966
62666741
62912514
63150095
63387674
63617060
63846445
64084021
64313404
64780361
65255508
65747036
66000992
66263139
66795624
67065961
235627
817260
1423467
2070632
2406501
2750561
3111005
3479639
3864657
4257865
4675648
5101621
6019100
6518796
7034875
8148946
60848090
61421572
61683735
61937703
62404676
62634064
62855260
63076454
63289455
63510647
63723647
63944838
64166028
64616599
65075361
65558698
65804461
66050225
66574520
66836666
6333
571585
1161412
1784005
2111685
2439364
2783426
3135680
3504317
3881144
4274355
4683948
5552283
6019216
6502532
7551077
60946490
61454429
61683821
61913210
62339218
62552220
62757029
62953645
63158453
63363260
63576259
63781065
63994062
64428249
64878818
65353963
65591535
65845491
66353403
66615551
66885891
334090
915728
1521941
1841431
2160921
2496794
2832666
3184922
3553560
3930390
4315411
5142794
5585155
6043899
7035110
60971146
61421735
61634740
61839551
62224594
62421211
62609635
62798058
62994672
63191286
63387900
63592705
63797510
64223504
64674074
65141027
65386792
65632556
66140470
66402619
66672960
112969
686419
1284443
1595743
1907043
2234726
2562409
2906475
3250541
3619182
3987822
4782443
5200232
5634403
6576470
60938445
61339877
61528304
61716729
62077194
62257425
62437655
62617885
62806307
62994728
63183150
63387955
63584567
64010561
64461131
64928085
65165658
65419616
65927531
66189681
66460023
67008899
473487
1063323
1366432
1677734
1989035
2316720
2644404
2988472
3340732
3701182
4454849
4856257
5274048
6166971
60848390
61208859
61380899
61552940
61888826
62060864
62232902
62404939
62585169
62773590
62962011
63158623
63363428
63789422
64231801
64706948
64952713
65198479
65714588
65984931
66255274
66804152
268742
850389
1153500
1464804
1776106
2087409
2415096
2750974
3086851
3439112
4168208
4553235
4954645
5806614
60725559
61045066
61208913
61364569
61684069
61839723
62011761
62183798
62355835
62544256
62732677
62929290
63125903
63551897
64010661
64485809
64731575
64985534
65509836
65771987
66050523
66607595
72188
653837
956950
1260062
1571367
1882671
2202167
2529855
2857542
3201613
3914330
4282975
4668003
5487209
60561764
60856693
61004156
61151618
61454735
61610388
61774233
61938079
62118308
62298537
62486958
62683571
62888377
63314372
63773136
64256478
64510437
64772588
65296892
65567236
65845773
66411038
66984497
465476
768590
1071704
1374817
1686123
1997428
2316926
2644615
2980495
3676831
4037287
4405933
5200568
60373390
60643741
60783012
60922282
61209015
61364668
61520322
61692359
61864397
62044626
62233048
62429662
62642660
63076848
63543805
64035340
64289300
64551452
65092141
65370678
65649215
66214482
66796135
277116
580230
883345
1186460
1497766
1809073
2128572
2448070
2775760
3447523
3799788
4168436
4930306
60160437
60414404
60545483
60676562
60955102
61110757
61266411
61430257
61602295
61790717
61979139
62183945
62388752
62831133
63306284
63806012
64068164
64338509
64879200
65165929
65444467
66026120
66607774
96948
400064
703179
1006295
1309410
1620718
1932025
2251525
2579216
3242789
3586863
3939129
4684619
60053960
60299736
60422623
60553702
60832243
60979705
61135359
61299206
61479436
61659666
61856281
62052896
62265894
62708277
63191620
63699541
63961694
64223847
64780922
65059460
65346190
65927844
66517690
6865
301789
604905
916213
1219328
1530636
1841944
2161444
2480944
3136326
3480401
3832667
4561774
59939291
60176875
60299762
60430841
60701191
60848654
61004308
61176347
61348386
61528617
61725232
61930039
62143038
62585421
63068765
63584879
63847032
64117377
64674453
64961183
65247914
65829568
66419415
67017454
211706
514823
826131
1129247
1440555
1751864
2063172
2382672
3038055
3373938
3726205
4447121
59709953
59931154
60054042
60176930
60447281
60594744
60750400
60914247
61094479
61274711
61471326
61676134
61889134
62347903
62839441
63355556
63625902
63896248
64461517
64748248
65043171
65633018
66231058
66837290
31543
334660
637776
940893
1252202
1563511
1874820
2194320
2841513
3169205
3513281
4217815
59472424
59685434
59808322
59923019
60193372
60340837
60496493
60660341
60840574
61020807
61217423
61430424
61643425
62110388
62601927
63126236
63404774
63683313
64248583
64543507
64838430
65436470
66034511
66640745
66952054
146307
449424
752541
1063850
1375159
1686469
1997778
2636780
2964472
3300357
3996701
59234894
59447906
59554412
59677302
59939465
60086930
60242588
60414629
60586671
60775097
60971714
61184716
61405910
61872875
62372608
62905110
63183649
63462189
64035652
64330576
64633692
65231733
65837967
66444201
66755510
67058627
252881
564190
867308
1178617
1489927
1801236
2432047
2759740
3087433
3783779
59120226
59325047
59439745
59554443
59816607
59964074
60119732
60291774
60463816
60652242
60857053
61061863
61283058
61750023
62257949
62790452
63068991
63355723
63929187
64224111
64527228
65125269
65739695
66345929
66649047
66960356
154610
465919
769037
1080347
1383464
1694774
2333777
2653278
2980972
3669126
59005557
59210379
59316886
59431585
59701942
59841217
59996876
60168919
60349153
60537580
60734199
60947202
61168397
61635364
62143291
62675794
62954334
63241066
63822723
64117647
64420764
65026998
65633232
66247658
66550776
66853893
56339
359457
670766
973884
1285194
1596504
2227315
2546817
2874510
3562664
58768029
58972853
59079361
59202253
59464421
59611889
59767549
59931401
60111637
60300065
60504877
60709689
60930885
61406046
61913975
62454672
62733212
63019945
63601603
63904720
64199645
64805879
65420306
66034733
66337851
66649161
66952278
146532
457842
760960
1072270
1383580
2006199
2333893
2653395
3333358
58546885
58743519
58858220
58972922
59235092
59382561
59538223
59702076
59882313
60070742
60275556
60488561
60709758
61184921
61692851
62233550
62512091
62798825
63380484
63683601
63978527
64584762
65199189
65813617
66116735
66428044
66731162
67034280
236726
539844
851154
1154272
1785084
2104586
2432280
3104052
58325740
58530569
58637079
58751782
59013955
59161426
59317088
59489135
59661181
59857804
60054426
60267433
60488631
60963796
61471728
62012428
62290971
62569513
63159365
63454291
63757409
64363645
64969880
65584308
65887426
66198736
66501854
66804972
67108090
310536
613654
924965
1555777
1875279
2194781
2874746
58112788
58317619
58424130
58547026
58809202
58948482
59104145
59276193
59456433
59644865
59841488
60054496
60275695
60742670
61250604
61783114
62061657
62348392
62930053
63224980
63519906
64126143
64732379
65346807
65649926
65953044
66256162
66567472
66870590
64844
376154
679273
1310085
1629588
1957283
2637248
57908026
58112860
58227564
58342269
58604447
58751920
58907585
59071442
59251683
59440116
59636741
59841558
60062758
60529735
61029479
61561991
61840534
62119078
62692548
62987475
63282402
63888640
64486685
65101114
65404232
65707350
66010468
66313587
66616705
66919823
122270
433580
1064393
1383896
1711591
2399750
57703265
57908100
58022806
58145704
58407884
58555358
58711024
58874882
59046932
59235366
59431992
59636810
59858012
60316798
60816544
61340865
61611218
61889762
62463234
62749969
63044897
63634751
64240989
64839034
65142153
65445271
65748390
66051508
66354627
66665937
66969056
171503
802317
1130012
1465899
2154059
57490311
57711531
57826238
57949137
58219511
58358794
58514461
58678320
58858564
59038807
59235433
59440252
59653263
60112051
60595415
61119738
61381899
61660444
62225725
62512461
62799197
63389052
63978907
64576953
64880072
65183191
65478118
65781236
66092547
66395666
66706977
67018289
548431
876127
1212015
1916560
57392025
57613247
57736146
57859045
58121228
58268703
58424371
58588231
58760282
58948718
59137153
59341972
59554983
60005581
60488945
61005077
61267238
61545784
62102873
62389610
62676346
63258010
63847865
64445911
64740839
65043958
65347077
65650196
65953315
66256434
66567745
66887249
417392
745089
1080977
1793715
57285548
57514962
57637861
57760761
58031136
58178612
58326088
58489949
58670193
58850436
59038872
59243692
59456703
59899110
60382475
60890415
61160769
61422931
61980021
62266758
62545302
63126967
63716822
64306677
64609797
64904724
65207844
65510963
65814082
66125394
66436705
66748017
286353
614050
958131
1670870
57064402
57310200
57433099
57564192
57842760
57990237
58137714
58301575
58473628
58653872
58850501
59047129
59251950
59694358
60169532
60669282
60923253
61193607
61734315
62012860
62291405
62864879
63446544
64036400
64331328
64634448
64929376
65232496
65543808
65846928
66166432
66477745
24275
360164
712438
1441564
56835064
57097246
57228338
57367622
57646192
57793669
57949338
58113199
58285253
58465498
58653935
58850564
59055385
59489603
59948395
60439954
60693926
60956089
61488606
61758960
62037506
62602789
63176263
63757928
64052857
64355978
64659099
64962219
65265340
65576653
65896159
66215664
66879252
114471
474938
1228642
56589344
56876101
57015385
57154669
57441430
57597100
57752769
57916631
58088685
58268931
58457368
58645806
58850627
59276654
59735448
60210624
60464596
60718568
61242894
61513249
61783604
62340696
62905980
63487648
63782577
64077507
64380628
64683750
64995064
65306378
65634077
65953584
66633559
66994027
253824
1032107
56458293
56753241
56900717
57040001
57343146
57490623
57654485
57818347
57990401
58170646
58350892
58547522
58744152
59170179
59620781
60095959
60341739
60595711
61120038
61382201
61652556
62209650
62774934
63348411
63643341
63946463
64241393
64552708
64864022
65175337
65503036
65830736
66518904
66879373
147363
933841
56327243
56630382
56777857
56925333
57228478
57392339
57548009
57711870
57892116
58064170
58252608
58441046
58645868
59063704
59514307
59981293
60227073
60481046
60988990
61259345
61529701
62078603
62635696
63217366
63512297
63807227
64110350
64421665
64732981
65052488
65380188
65716080
66412443
66772913
49095
851959
56024187
56360091
56523949
56679616
56999144
57163004
57326866
57498919
57670973
57851219
58039657
58236287
58432917
58842562
59284973
59751960
59989550
60235331
60743276
61005441
61267605
61816509
62373605
62955277
63250209
63545141
63856457
64167773
64487282
64806792
65142685
65486771
66207714
66584570
66969619
704584
55688369
56057038
56237279
56409328
56753430
56925481
57097534
57269587
57449832
57630078
57818516
58006954
58211776
58621421
59055641
59514437
59752027
59997809
60497564
60759729
61021894
61562609
62119707
62701381
62996315
63299440
63610758
63930269
64249779
64585674
64929762
65282042
66019373
66420808
66830436
606367
55303410
55721225
55917848
56106279
56474954
56655196
56835440
57015684
57204120
57384365
57580995
57777625
57974255
58392091
58826312
59276917
59514507
59760290
60251854
60514020
60776187
61316903
61874004
62463874
62758809
63070128
63389640
63709152
64045049
64380947
64741421
65101896
65880192
66298014
66732221
549119
54861119
55328080
55549276
55762281
56155527
56352152
56548778
56737212
56933840
57122276
57327097
57523726
57728547
58146383
58580604
59039402
59276993
59514584
60014342
60276509
60538676
61079395
61644691
62242756
62554077
62865399
63184913
63520812
63864903
64217187
64594048
64970910
65790173
66224382
66683168
557418
54361500
54885798
55131566
55360952
55803345
56016352
56221167
56434176
56630802
56835621
57048632
57253453
57466465
57892492
58334905
58801895
59039486
59277078
59785029
60047198
60309366
60858280
61439963
62038032
62357547
62685255
63021156
63365249
63725727
64102590
64487646
64889087
65749318
66216299
66699665
639460
53779983
54377999
54656531
54918681
55402028
55639607
55860805
56082003
56303203
56524404
56745606
56958617
57179821
57622230
58081026
58556208
58801991
59047775
59563921
59826090
60096452
60661752
61251631
61874280
62210182
62546084
62898372
63258852
63635717
64028968
64438603
64864624
65782207
66273768
66789908
795248
53116571
53796497
54107792
54402705
54951580
55205540
55459502
55697082
55942855
56172246
56409830
56639223
56876809
57343792
57818971
58310537
58564512
58818489
59351020
59613190
59891745
60481625
61096083
61751505
62095602
62447891
62824757
63201625
63603070
64020900
64455115
64905717
65880652
66404987
66962091
1049363
52346695
53124912
53477161
53813030
54427430
54722346
54992689
55263033
55525187
55787343
56041309
56295276
56541052
57040800
57548745
58064886
58318862
58589223
59138139
59424886
59719826
60334285
60981516
61669711
62030195
62407063
62800317
63209956
63635981
64078391
64537187
65028753
66069235
66634535
123741
1410002
51470362
52363252
52764646
53141468
53837778
54165457
54476755
54779863
55066590
55353318
55631857
55910397
56172555
56713260
57253970
57802878
58081430
58368175
58958052
59261184
59572510
60219740
60899744
61637096
62022159
62423607
62841440
63283851
63734456
64209639
64709400
65233739
66364344
66970610
508975
1901745
50471194
51478755
51937486
52371645
53166246
53526687
53878940
54223003
54550685
54870178
55173288
55484594
55779517
56369369
56959229
57557287
57852222
58163543
58794381
59113899
59449801
60137995
60875347
61661858
62079692
62513911
62964517
63431509
63923078
64439226
64979952
65545257
66765986
320739
1008935
2524600
49341009
50487814
51012073
51503567
52404649
52822428
53223826
53608844
53977481
54329737
54681995
55017873
55353753
56009136
56656335
57303543
57631246
57967143
58647134
58999420
59359900
60105441
60908334
61760387
62210993
62677984
63169554
63677511
64210045
64767159
65357043
65971506
189880
902656
1664588
3303149
48055239
49365863
49955647
50520860
51544805
52028112
52478655
52912819
53330602
53740196
54133410
54510243
54887079
55616183
56337106
57058039
57418509
57778981
58532701
58917756
59311005
60130278
60998712
61924500
62416069
62932217
63464752
64021865
64603557
65209829
65848871
66520684
861953
1640273
2467749
4253784