163
1280
720
36
46
36
24
1
1
1280
720
1515870810
2662
4294967295
32737
33
97
161
193
225
289
353
417
481
545
609
673
737
801
865
929
993
1057
1089
1121
1185
1249
1313
16369
17
49
81
113
145
177
241
305
337
369
401
433
465
497
561
625
689
753
817
881
945
977
1009
1041
1073
1105
1137
1201
1265
1297
1329
1361
1393
1425
1457
32737
33
97
161
225
289
353
417
481
545
609
673
737
769
801
865
929
993
1025
1057
1121
1185
1249
1313
1377
1441
1505
1537
1569
1633
1697
1761
1793
1825
1889
1953
2017
2081
2145
2209
2273
2337
2401
2465
2529
2593
16369
49
81
113
177
209
241
273
305
337
369
401
433
497
561
625
657
689
753
785
817
881
945
1009
1041
1073
1105
1137
1169
1201
1233
1265
1329
1361
1393
1457
256100385
256100385
256100385
256100385
256100385
256100385
256100385
256100385
256100385
256100385
256100385
256100385
256100385
256100385
256100385
256100385
256100385
256100385
254642215
254642215
254642215
254642215
254642215
254642215
254642215
254642215
254642215
254642215
254642215
254642215
254642215
254642215
254642215
254642215
254642215
254642215
256739118
256739118
256739118
256739118
256739118
256739118
256739118
256739118
256739118
256739118
256739118
256739118
256739118
256739118
256739118
256739118
256739118
256739118
255428401
255428401
255428401
255428401
255428401
255428401
255428401
255428401
255428401
255428401
255428401
255428401
255428401
255428401
255428401
255428401
255428401
255428401
3655910
2394260
1296461
313359
267847640
267044777
266307454
264996664
263800577
263243499
262702807
262178501
261654198
261146281
260621982
259573389
258492035
257345150
256149118
254871172
253478544
251971235
251168431
250316477
249431757
248497888
247498485
246449934
244139849
241502101
240011203
238422007
236668979
234768502
234768502
234768502
2049995
1083281
231261
267880239
267175687
266520291
265930436
264832655
263816806
263341652
262866501
262407736
261932588
261473826
260998681
260032011
259016193
257951227
256837113
255624699
254313985
252904972
252151315
251364891
250545702
249693746
248776256
247826000
245728888
243369645
242058957
240649969
239126298
237487946
237487946
237487946
1509216
657197
268322560
267618008
266978997
266389142
265848443
264832589
263898664
263439897
262997516
262555136
262112757
261670380
261211620
260277719
259294669
258262471
257164740
255968708
254707143
253330894
252610003
251839962
251053537
250217963
249333238
248415746
246416931
244155982
242910824
241583750
240158377
238601936
238601936
238601936
1099524
329432
268060337
267437710
266864240
266323540
265815612
264881684
264013300
263587302
263161306
262735311
262309318
261883326
261440950
260539818
259573152
258557338
257475989
256312723
255067540
253740440
253019547
252282271
251512229
250693036
249841076
248956350
247039447
244876794
243697167
242419240
241075781
239601254
239601254
239601254
558707
268371537
267798067
267273752
266798592
266339819
265913816
265110968
264324511
263947668
263554442
263161218
262767994
262358386
261948780
261080416
260146519
259163471
258098504
256984387
255771967
254477629
253789501
253068606
252331327
251561282
250758469
249922890
248120663
246121836
245024121
243860874
242632092
241305011
241305011
241305011
329224
268240365
267781589
267339200
266929581
266552732
266175885
265454964
264750431
264406358
264045902
263669062
263292223
262899001
262489395
261637416
260736285
259753236
258721035
257606914
256410874
255149300
254477553
253789422
253068525
252331243
251561195
250758379
249038063
247153913
246138112
245056777
243926292
242697506
242697506
242697506
329144
268338594
267945359
267568509
267224430
266880352
266552660
265913663
265258285
264930598
264586527
264226072
263865617
263472395
263079174
262243578
261326063
260359396
259310808
258196685
257017026
255771830
255100081
254428332
253723815
253002915
252249247
251479196
249840792
248038552
247088282
246072477
245007522
243860650
243860650
243860650
509306
148840
268256600
267928906
267633981
267339057
267044135
266454293
265831686
265520383
265176312
264832242
264471788
264094950
263701728
262849748
261932231
260949178
259900589
258786463
257606800
256345217
255689849
255018098
254329963
253625444
252888157
252134487
250528844
248808516
247891010
246924352
245924929
244843586
244843586
244843586
836937
525626
247085
268404000
268141845
267863308
267601154
267060466
266470628
266159326
265831639
265487569
265110731
264733892
264340670
263488689
262554787
261555349
260490373
259359860
258163810
256902224
256246854
255575101
254886963
254182442
253461537
252707864
251151367
249480185
248595443
247677934
246711274
245695463
244630502
244630502
1279266
1017108
771337
525566
279796
34027
268223715
267715796
267142342
266831039
266503353
266159282
265798828
265405605
264995998
264127632
263193729
262161520
261080158
259916874
258704438
257426464
256771093
256099338
255411198
254706675
253985768
253248477
251724743
250086323
249234346
248333218
247415706
246432660
245416846
245416846
1803520
1574132
1361130
1131744
918742
705742
459974
268403895
267846825
267535522
267207835
266863764
266486925
266093702
265684094
264799342
263832669
262784074
261669942
260490272
259245065
257950704
257295332
256607191
255919050
255214525
254493616
253756323
252248969
250643312
249807717
248939354
248038223
247087942
246104893
246104893
2393314
2196695
2000077
1803459
1606842
1393842
1180842
689306
132235
268256388
267928700
267568245
267207789
266798181
266372188
265471051
264471608
263390243
262259724
261047284
259785690
258474943
257786801
257115043
256410516
255705990
254985079
254247784
252740427
251151151
250331937
249479955
248611591
247694074
246743791
246743791
3032263
2868412
2688177
2507944
2327711
2131094
1918093
1442940
885868
574564
230491
268305491
267928650
267519041
267076664
266142756
265126927
264012792
262849503
261604292
260309928
258982795
258294652
257606508
256901980
256181068
255460156
254722860
253215500
251658988
250839773
250004173
249135807
248251056
247317154
247317154
3720363
3556512
3409046
3228812
3064962
2868344
2671727
2196573
1639498
1311809
984120
607278
214052
268239898
267797519
266830841
265782242
264651721
263439278
262177681
260866931
259490643
258802499
258097970
257393441
256672528
255935231
255197934
253690571
252134056
251331223
250512007
249660022
248775270
247874134
247874134
4424848
4277380
4129913
3982446
3818595
3621977
3425359
2950202
2393125
2065435
1721360
1344517
951290
525295
66531
267518923
266437553
265274261
264045432
262751065
261407545
260031255
259326726
258605812
257884899
257163985
256426686
255689388
254165639
252609123
251822672
251003454
250151469
249299483
248398346
248398346
5145715
5014631
4883547
4736079
4572227
4391991
4178988
3720213
3146749
2819058
2474981
2081753
1672141
1246144
770995
268207000
267109243
265913181
264651582
263340829
261964539
260555479
259850949
259130035
258392736
257655437
256918138
256180839
254657089
253100570
252297735
251494900
250659297
249807310
248922556
248922556
5882966
5751880
5620795
5489710
5325857
5145620
4948999
4473837
3900370
3572677
3212215
2818985
2392987
1950605
1475455
459617
267764546
266568481
265274112
263930589
262537913
261112468
260391553
259654254
258916954
258179655
257442355
256688671
255164920
253608400
252805564
252002728
251167124
250315136
249446765
249446765
6243398
6128696
5997610
5850140
5702671
5522433
5325811
4850647
4260795
3933101
3572639
3179408
2753409
2311026
1835875
803652
268108579
266879746
265585375
264241851
262832790
261407344
260670045
259932746
259195446
258458146
257704462
256950778
255427026
253854121
253067669
252248449
251429229
250577240
249708868
249708868
6620214
6489128
6374425
6226954
6063100
5882861
5686239
5211074
4637604
4293525
3933062
3539830
3113831
2671447
2179911
1147686
772
267207394
265896638
264536729
263127667
261685837
260948537
260211237
259473937
258720253
257966569
257212885
255689132
254116226
253329774
252510553
251691333
250839344
249970972
249970972
7341078
7226374
7095286
6964197
6800341
6620101
6423477
5948308
5358451
5014370
4653906
4244289
3818287
3359518
2867980
1819369
672452
267862687
266535545
265159250
263733803
262275586
261538286
260800986
260047301
259293617
258539932
257769863
256229725
254673203
253870366
253051145
252231924
251379934
250511561
250511561
8061940
7947234
7816145
7685055
7521197
7340955
7144329
6652773
6062913
5718830
5341979
4948745
4506358
4047587
3556048
2491049
1327746
82522
267190834
265798153
264356320
262898102
262144417
261390732
260637047
259883362
259129677
258359608
256803085
255230178
254427341
253624503
252788897
251936907
251068533
251068533
8782800
8668093
8537002
8389527
8225668
8045424
7832412
7340853
6750988
6406904
6030052
5620431
5194427
4719270
4227729
3162728
1983038
737811
267829737
266437054
264995220
263520617
262766931
262029630
261259560
260505875
259735805
258965735
257409212
255836304
255033466
254214244
253378637
252526647
251641888
251641888
65656680
66574282
66983926
260125
956515
1276033
1587357
1874101
2160844
2431200
2701554
2955522
3217681
3725608
4233530
4749638
5011786
5282125
5830991
6117710
6412620
7035205
7690554
8386857
8763678
9140499
9541893
9959671
10393830
10844372
11311296
11810986
12859512
13432923
14022717
15300599
66172982
66959497
211118
538831
1145097
1423650
1685817
1947981
2193760
2431344
2668927
2906509
3135896
3602860
4069819
4553157
4798921
5052876
5577167
5847503
6126031
6707659
7330243
8001976
8354224
8714664
9091486
9484691
9894279
10320249
10762602
11229529
12220721
12753179
13310210
14514378
66541789
121123
424257
711005
1235341
1472929
1710516
1931717
2152916
2374114
2587118
2800121
3013123
3439124
3873312
4332074
4569646
4807217
5306933
5569078
5839415
6404662
7002675
7641644
7977512
8329762
8690204
9058836
9452044
9853442
10279415
10713579
11655629
12155324
12679593
13810044
66795874
268701
530870
776653
1235445
1448454
1653269
1858083
2054704
2251323
2447941
2644558
2841175
3242597
3660400
4094586
4323966
4553345
5044871
5298825
5560971
6109837
6691469
7305867
7633545
7969415
8321668
8682111
9050746
9443956
9845357
10263141
11156048
11631172
12130870
13195796
66927053
326141
555538
768549
1161798
1350228
1538657
1718893
1899127
2079360
2259593
2439825
2628248
3013285
3414703
3848889
4070077
4299457
4774600
5028555
5282510
5823187
6396631
7002842
7322331
7650011
7985882
8329945
8698583
9067220
9460433
9861836
10713792
11164344
11639470
12655255
66976289
301642
490075
678507
1030790
1202834
1366685
1530534
1694383
1866423
2038463
2210501
2390732
2759383
3160802
3578604
3799792
4029173
4504318
4758274
5012230
5552910
6118166
6716188
7027487
7346978
7682852
8018725
8370982
8731431
9108262
9501477
10320672
10754844
11213591
12180232
66935396
195206
367253
531106
842425
998083
1145548
1301204
1456860
1620707
1784554
1948400
2128630
2489089
2890508
3308310
3529499
3758880
4242219
4487984
4750134
5282625
5847883
6445910
6757211
7068511
7396196
7732072
8076139
8436590
8797041
9182067
9976692
10394484
10828658
11762540
66820762
31415
187075
326351
604898
752363
891635
1039098
1186561
1342216
1497870
1661716
1841945
2202405
2603824
3029819
3251009
3480391
3971923
4225882
4479840
5028718
5593979
6192009
6495120
6814615
7134109
7469987
7805865
8158127
8518580
8887224
9665472
10075074
10492868
11393989
66648774
66927327
67058410
80628
334597
465677
604948
744219
891681
1039143
1194797
1358643
1538873
1907525
2308945
2743133
2972516
3201899
3701625
3955585
4225928
4774808
5348264
5946297
6257602
6568906
6896594
7224283
7560163
7904234
8264690
8625145
9387013
9780234
10189839
11058198
66427626
66673409
66796298
66910995
39716
162603
293682
424760
572223
719685
875339
1047377
1219415
1596260
2005873
2448255
2685830
2923406
3431326
3693479
3963823
4520898
5110741
5708776
6020082
6339580
6667270
6994960
7330842
7674915
8018989
8379446
9124934
9518158
9919573
10763361
66173706
66386719
66493224
66599728
66829120
66943815
67074894
97109
236379
392034
547688
719727
891766
1276803
1694610
2153378
2390954
2644914
3161028
3431374
3709911
4275180
4873217
5487639
5798946
6118446
6446137
6773829
7109712
7453787
7797862
8150129
8887430
9272463
9665689
10493097
65878823
66075451
66173764
66272076
66485084
66599779
66730859
66861938
67001209
48000
211847
383886
564118
957349
1391541
1858502
2104271
2358233
2890733
3169271
3456002
4037656
4635696
5258312
5577812
5897313
6225005
6560890
6896775
7240851
7584928
7937196
8666308
9043151
9436379
10239215
65567555
65739606
65829727
65928040
66132857
66255745
66378633
66509712
66657176
66812832
66976680
39856
228280
629705
1080283
1563630
1817592
2079746
2620440
2907171
3193903
3791943
4406369
5037179
5356680
5684374
6012067
6347953
6683839
7027917
7380186
7732456
8453379
8830224
9215260
10009908
65403728
65575780
65657710
65756023
65960840
66075536
66198424
66337696
66476969
66632625
66804665
66976706
56266
474076
924655
1408003
1670158
1932313
2489391
2776123
3071047
3669088
4291706
4930709
5250211
5577905
5913791
6249678
6585564
6929642
7273720
7625991
8355106
8723760
9100605
9895255
65239902
65395570
65485692
65575813
65780631
65895328
66018217
66157489
66304954
66460611
66632651
66812884
67001310
310257
769028
1260569
1522724
1793072
2350151
2645075
2940000
3546234
4177045
4816049
5143743
5471438
5807324
6143211
6479098
6823176
7175447
7527718
8248643
8617297
8994143
9788793
64895866
65043344
65125274
65215396
65420216
65534914
65665995
65805269
65952735
66116584
66288626
66468860
66665479
67091484
457778
965705
1236053
1506401
2079866
2382983
2686101
3300528
3939533
4594922
4922617
5258504
5594392
5930279
6274359
6618438
6970710
7322981
8043908
8412563
8789410
9567679
64543639
64691119
64773050
64854981
65059803
65182694
65305585
65453052
65600519
65764370
65944605
66133032
66337843
66772043
146531
670844
941193
1227926
1809585
2112703
2424013
3054826
3702024
4365607
4701495
5037383
5373271
5717351
6061431
6413703
6757783
7118247
7839176
8207832
8576487
9354758
64191414
64330704
64412636
64502760
64707585
64830477
64961561
65100837
65256498
65428542
65608778
65805399
66010211
66452605
66952343
375987
654529
941263
1539308
1850618
2161929
2800936
3464519
4136295
4472183
4808072
5152152
5496233
5848506
6192586
6544859
6905324
7626253
7994910
8371758
9141839
64019398
64158689
64232430
64322555
64535573
64650273
64781358
64928827
65084488
65256533
65444962
65641583
65846397
66296984
66796723
228559
507102
802028
1400074
1711385
2030889
2678088
3341672
4013448
4357529
4693417
5037498
5389771
5733852
6086125
6438398
6798863
7519793
7888450
8265299
9035380
63839190
63978482
64060416
64150542
64355369
64478263
64617540
64756818
64920671
65092717
65281147
65477769
65682583
66141363
66649296
81133
367868
654603
1269033
1580345
1899849
2547049
3218825
3890602
4234683
4578764
4922845
5275118
5627391
5971472
6331937
6684211
7413333
7781990
8150647
8920729
63495160
63634455
63716390
63806517
64019539
64142434
64281714
64429185
64593040
64765087
64953518
65158333
65371341
65838315
66346250
66895146
73018
376138
990570
1310074
1629579
2293164
2964942
3644912
3988993
4341266
4685348
5037621
5389895
5742168
6102634
6463099
7184031
7552688
7929538
8699621
63151132
63290429
63372366
63470686
63683712
63806608
63945889
64101553
64265410
64445651
64634083
64838900
65060101
65535270
66051399
66608489
66895226
89483
712109
1031614
1359311
2022898
2702869
3391032
3743305
4095579
4439661
4791935
5152400
5504674
5865140
6225606
6954730
7323388
7700238
8470322
62807105
62954597
63044727
63134857
63356077
63487168
63634642
63782116
63954166
64134408
64331034
64535852
64757054
65232226
65756550
66313642
66608572
66911694
433650
753156
1080853
1752633
2440797
3128961
3481235
3833509
4185783
4538057
4898524
5258990
5611264
5979922
6709047
7085897
7462747
8232832
62479463
62635150
62717089
62815413
63044828
63175920
63323395
63479063
63651115
63831358
64027986
64232805
64462201
64937375
65461702
66026988
66321919
66633234
146999
474698
802396
1474178
2162343
2858699
3210974
3563248
3923715
4275989
4636456
4996922
5357389
5717855
6455172
6832023
7217066
7995343
62151821
62315703
62405836
62504161
62741771
62872865
63020342
63176011
63348064
63536501
63733130
63946143
64167348
64650717
65175046
65740334
66035266
66346582
66977405
188048
523940
1195722
1883888
2580246
2932521
3292988
3645263
4005730
4366196
4726663
5087130
5455789
6193107
6578150
6955001
7733280
61824181
61996257
62094583
62201102
62438715
62578001
62725480
62889343
63061397
63241644
63446466
63659480
63880686
64364058
64888389
65453679
65756804
66059929
66690754
67010263
237291
909074
1597242
2293601
2645876
3006343
3358619
3719086
4079553
4448212
4808680
5177339
5914658
6299701
6684745
7479409
61504733
61685003
61791523
61898042
62143850
62283138
62438810
62602674
62774730
62963170
63159801
63372817
63594024
64077398
64609924
65167024
65470150
65773276
66395911
66723612
67051313
614234
1302403
1998763
2351039
2711506
3071974
3424250
3784718
4145185
4513845
4882505
5636209
6021253
6414489
7217346
61340913
61529377
61635897
61750609
62004610
62143898
62291379
62455243
62635492
62823932
63020565
63233581
63454789
63938164
64462499
65027792
65322727
65625853
66248489
66576190
66903891
466813
1154983
1851343
2203620
2564088
2908172
3268640
3637300
3997768
4366428
4743280
5496984
5882029
6275265
7086315
61177094
61381942
61488462
61603175
61857177
61996466
62152139
62316005
62496254
62684695
62881328
63094344
63315553
63798929
64323265
64888560
65175303
65478429
66109258
66428768
66756470
319392
999370
1703924
2048008
2400285
2760753
3121221
3481690
3850350
4219010
4595863
5357760
5742805
6144234
6955284
60849456
61070689
61185402
61300116
61570504
61717986
61873660
62037527
62217777
62406219
62602853
62815871
63037080
63520459
64044797
64601902
64888646
65191773
65814412
66133922
66453433
16357
688145
1384508
1736785
2097254
2457723
2818192
3178661
3547322
3924175
4301028
5071119
5464357
5865787
6701415
60513627
60751245
60874151
61005249
61275639
61431314
61586989
61759048
61939299
62127742
62332569
62537396
62766799
63241987
63758135
64315242
64601987
64896923
65511372
65830883
66158587
66805801
376918
1073283
1425561
1786031
2146500
2506970
2875632
3244294
3621148
4006194
4784479
5185909
5595532
6439355
60161417
60423611
60554709
60694000
60980774
61136449
61300317
61472377
61660821
61849265
62054093
62267112
62488324
62963515
63471472
64020389
64307135
64602072
65208330
65519651
65839163
66502763
65690
762057
1114335
1474806
1835277
2195748
2572603
2941266
3326313
3711360
4497839
4907463
5325279
6193681
59981217
60259795
60390893
60538375
60833342
60989018
61152886
61333138
61513390
61710026
61914854
62119682
62349086
62816086
63332236
63881154
64159708
64454646
65052713
65372226
65691739
66347148
67018940
606443
958723
1319194
1679665
2048329
2416992
2793848
3170703
3563943
4358615
4776432
5194249
6070844
59792826
60079595
60227077
60374560
60677718
60841586
61013646
61185707
61374151
61562595
61767424
61980444
62201657
62676849
63184808
63733726
64020473
64299028
64905288
65216609
65536123
66191533
66863326
450830
803110
1163582
1524054
1892718
2261382
2646430
3031478
3416527
4227584
4645402
5071412
5956201
59399663
59719199
59883064
60038738
60358281
60530341
60710593
60890845
61079290
61275927
61480756
61693777
61914990
62390183
62898144
63430680
63717428
64004175
64602245
64913567
65233082
65880302
66552097
139603
491885
852358
1221023
1589688
1966546
2351595
2744837
3138079
3965524
4391535
4825739
5743300
58981930
59334232
59506288
59678346
60030655
60202714
60391158
60579603
60776240
60972877
61185898
61398919
61628324
62095327
62595097
63135826
63414382
63701131
64299202
64610526
64930041
65577263
66249061
66945434
188853
549327
917994
1294853
1679904
2064955
2466390
2876018
3719851
4154056
4604646
5554980
58515054
58916504
59104943
59293383
59670266
59858709
60055344
60251980
60448617
60661638
60874659
61095872
61325278
61792281
62300244
62840974
63119531
63406280
64004354
64307487
64627003
65274227
65946027
66642403
67002880
262684
639544
1016404
1409649
1802894
2212524
2630345
3490567
3941158
4408134
5391241
58007228
58457826
58670839
58883853
59285309
59490135
59694961
59899789
60112808
60325829
60547041
60776446
60997660
61481047
61997203
62537934
62816492
63103242
63701317
64012643
64323968
64979387
65651190
66363953
66724431
67093101
369291
754345
1155784
1557223
1975047
2401063
3302249
3769227
4252590
5268471
57450265
57958200
58195786
58425182
58867594
59088802
59310012
59531221
59752432
59965452
60194856
60432452
60670049
61161628
61685976
62226709
62513459
62800209
63406478
63717805
64029131
64692745
65372742
66093701
66462372
66839236
123620
516869
926502
1344327
1770345
2212748
3138516
3630073
4129823
5194863
56827782
57401246
57663405
57925566
58417125
58654715
58884114
59113514
59351108
59588702
59834489
60072084
60326065
60834027
61366567
61915491
62210434
62497185
63111648
63422975
63750687
64414303
65110688
65839842
66224899
66609957
67011399
303978
729998
1156018
1606615
2065404
3023947
3531891
4064413
5178612
56123401
56770583
57073698
57360432
57901137
58163300
58425464
58679439
58933414
59187390
59441368
59695346
59957518
60490054
61038977
61604286
61899229
62202365
62825021
63144541
63472254
64152256
64865028
65618762
66003822
66405266
66814903
132060
566275
1016874
1475666
1959034
2966735
3499260
4048169
5227913
55353509
56082601
56418480
56737977
57352402
57639137
57925875
58204422
58474779
58745137
59023689
59294050
59572604
60129714
60695020
61284905
61588040
61899368
62538409
62874314
63210220
63914801
64643960
65422274
65823720
66241551
66667574
1118
451720
918706
1402077
1901834
2966886
3523991
4105672
5350961
54485345
55312728
55697753
56058205
56738157
57057656
57368966
57680278
57975208
58278332
58565073
58860007
59154943
59744819
60351083
60965543
61285062
61604582
62268200
62612298
62964589
63693749
64455679
65258573
65684598
66110623
66561225
67020021
386337
877903
1385854
1918382
3032595
3622472
4245118
5555953
53518914
54460970
54886949
55296546
56058407
56418862
56762936
57098820
57434706
57762402
58081908
58401416
58712734
59343566
59990787
60638013
60973916
61309820
62006207
62366690
62735365
63497296
64291998
65144049
65578268
66037064
66504053
66987427
378323
902661
1443384
2000492
3180250
3811092
4466511
5859277
52437838
53502758
53986072
54444815
55304968
55706377
56091405
56468244
56836894
57197354
57549625
57893706
58237789
58925960
59614138
60310514
60662800
61023280
61760627
62137494
62530747
63333640
64177498
65062321
65529310
66012685
66512446
67020400
444067
992985
1566480
2156361
3418048
4089855
4786240
6277322
51233932
52438098
52986940
53503018
54469652
54920207
55354381
55780367
56189972
56583195
56976422
57353267
57738306
58483816
59229334
59974859
60359912
60744967
61531466
61932910
62350739
63202787
64095800
65046164
65537732
66053878
66578218
18272
583575
1173457
1779724
2410570
3762380
4475152
5220695
6810094